This line is a comment block. Write whatever you want here.
This line is a comment block. Write whatever you want here.
This line is a comment block. Write whatever you want here.
This line is a comment block. Write whatever you want here.
This line is a comment block. Write whatever you want here.
This line is a comment block. Write whatever you want here.
This line is a comment block. Write whatever you want here.
38aec53f54e6bbd69fa115c503543d22d2adae9c2416930f7e3aeae30becc15d 0 0 0 0
a54dfe717196573ff95f13f5616af764d8ea6f59594e579c809a705c28a21b5b 0 0 0 0
f3c88a16eb25d8e55532d941c1caa6855632b7939e09ae4a3d1ba11310a38491 0 0 0 0
0206457a1d1800635e5edf10ea52b9073990294ab87ea5e17b505a06e4541e06 0 0 0 0
3862dbf30563167f88bece478da92c11708b6a2c8b02272934fd96ea96d23a8f 0 0 0 0
f121904101a4a4ef667f0e7c349bbd912f8a3131a24d716458f1e6b716a1f22a 0 0 0 0
a725f41a4e6361d5e13764086349b59067aeae81f037a9720ac2cf7d3cadb242 0 0 0 0
436ab2901fa8c397c72a7ea630d6a65d035a267018bb3b5172ffb1f63bb85013 0 0 0 0
f1d5aa71e73f0a33fea966c5925e24c5ad350b24c2a81c60ff2758d4d8d2556b 0 0 0 0
a0068ff8ce1e6689426feab626862195d5dec7f8cd6e8a226bec2575a0a8765b 0 0 0 0
3e337be1e1b6caae1d764b5e827f6c99f40501c2afadb04f9331bfc796fca69f 0 0 0 0
4da569b0be0d3faff7dcf6bc562ee47acd38b8ab8760f45e31210a12c09090c3 0 0 0 0
ebc1e9a542e5ab15b07a115a629d2f172664156403ebcbcb2337f3f8ad7c6a27 0 0 0 0
28c56d70ab6c325bf19b0f403106c6d07cef20fdebd5c619ff3dd6202c53b6d5 0 0 0 0
45d8cb81b698b53d225c173de4d2623f2083db8bc54df61b45333799a7733d55 0 0 0 0
4e908dc2eb27b513bf28b891ee1585a68b02524dfc2cf3c55d206a39bd906907 0 0 0 0
a5db542d47ecc81b2d7cca3eaa0d89fb306235897f27b2956ddc12f7b4879952 0 0 0 0
7c1c5f189a52edea32fb2e3bbf2f27aef3adcf3f4747d1085737f9a6c43bcbbe 0 0 0 0
de310cc7887ab7c21dd57dec55deec7117e3fe8028b80ea61ca2570258d52b7c 0 0 0 0
b094205320f1fc6f63f32028a863f216222fb79c942708fbcee81dff3bc026ca 0 0 0 0
3bde0713389d1c508b0026b32e3693d51a39dec0611117be312e76d8fa517fef 0 0 0 0
0c7b8c492b1d323bd8a1532b87cbd0f98074848f1c76466231bf3cfcbda25e5e 0 0 0 0
616ea7bd7a22df36c77f20575641da586eda2400b636a5d72e974da65a72869a 0 0 0 0
ac7f1c6b1d60d72bae452e99d865975416cd246f9953fe2f9b019f18d4c79014 0 0 0 0
05a35f0a65be0c31823c6e17615a9c3ecf824728cf9db125b0d64ec5cfa9aa1c 0 0 0 0
4b0f67e0c6b097490cc0b45e01bbecb63253eb0f3c806fbc2989ec599840f387 0 0 0 0
c15033aaef7aabb613b1fe3c60d3c48e60c2daf03d2387e34d1489c1d38167ba 0 0 0 0
b2298c68b6d7e0a0397259b1b9b027c49bce43811f321e4467782bd461965137 0 0 0 0
7ee6e5f02c23d9957a62bcd994dc61044a92b2b195d40a1cd0083f28f65f42dd 0 0 0 0
65ac55171bbac8f22a52f7c6a3dc4fecb6a85c06917a17a1fc77c0ce9995e406 0 0 0 0
1e8a0046355cb4a322a80361f9fc76fd49a1b295b7786c000f6f1e6f81ad6da5 0 0 0 0
82ad5af542d368e6b9b2ff8018bc83650833b4397e4735ac52adac84966e699e 0 0 0 0
26c8a20b3207acf03ecdfe83e48d0e54e3f4b6b485d9b594e35eb00acd6e34c6 0 0 0 0
0754c183b39847e1ffdc751b9fd6a64e3a68e09c802d82d49a3eea299a732cfd 0 0 0 0
f5158b9101a675ff190f61347d59751af73a2f100841c36108db1fd1bfab966d 0 0 0 0
e2895b787b894042bf53738d6ed8426b0e3324db00f23253ebbf4bd4c539af1a 0 0 0 0
7a453fd5598dddec7b928115a33fc54b88523cf899732a3349b9ba447d1565b1 0 0 0 0
d0d6eeea52f08129e354698a364ea3a86183c6d181dd9bbbc6ae6d80b762df47 0 0 0 0
8151f3955cc8eec9aa144553549074fc878b8ba32ab608b4f4cf74596501bfe3 0 0 0 0
05a150261f8ac7ef40f8ff9bacf6c37585120aabcd8d4c2cdf4a4d6c832c04dc 0 0 0 0
bc4771e5e355a4aa1b21bd19a5c0c15bd38ec1847f540136abb1594d1af24e14 0 0 0 0
c032412519f3ee1583ff98d56a370ce3947028f3bd190afa4d5a07df0566e29b 0 0 0 0
6d84483e3aed31ffcf3376a82c58f10ddb43098f7837c5a1d44e25ce80cc7c86 0 0 0 0
fda195a6127db143fe3e546c56be92784334f3a18629bdd458b352ced10e523b 0 0 0 0
f78ef1ec1b45b6f2f39a8a0cbb882eec0f4f995605824767780258a7d271dffc 0 0 0 0
232b7ccf2a10d4caf04901537c5cf054205dc8e2682de8c1ed189edac2f54cb2 0 0 0 0
54c26909fe388eca62bad384a16236fff9e440d9b050533eecdf05dd355fa5df 0 0 0 0
cfeab6e0b4856060bed9e55768dc535333d1a44a5cfb315fc3cfdcc0261a9d7f 0 0 0 0
7740e6b9caa77c42eb81e098b9d555129b4f2ecab96f2b7a17e33d2beb4cc65d 0 0 0 0
2b73cc0d6abe85f7db4fc64da177fab3c096097dde161fed246bd6fda5d0889f 0 0 0 0
07e09c1393de6794970ff3d1075c25d57b0682976bddaf2230423d0a79f2469b 0 0 0 0
dfaa83a98b86391696f4c2a048cc7d02fd007f30e77160ef6fe22bb39946d366 0 0 0 0
9e16f3104da88e8c467180e2b758ebbc641ae5e7594c21d4c152036742701acf 0 0 0 0
8b033c5b4989a2aacce3bebf92df44a132b62005ea5c622d6ac97cca624ab8c4 0 0 0 0
ed5d8b1c5396464fb12d2d534f9499fe3dfabe6e774cf3836e081c8f903ec2e3 0 0 0 0
54d02bf6c00cb153128f09f85e5891f7fdcc4f63c4711c951c150c950dc83617 0 0 0 0
662c10e57b60b12fd775167f6f8f42ae0525cbc0afa4ded506686fae6572d2df 0 0 0 0
25ec8e3eb664dae01493ab8adb53f332c0ae266173b0a18c5fe5adfb59f1a073 0 0 0 0
f016d33d4034c8f8faeaf5cf64581cd9e346c244c6c526257488ee85a3575b16 0 0 0 0
d6442f8a9ed35816d45e77a24b32ef5c5a07a5875123e1fa0e6b247b64e651d5 0 0 0 0
b522eb2b25a1d921f88f059269c0b4ab17c172718f2a10b006a8fc73769ddcdc 0 0 0 0
3ace30634c20711e0bd5feebd9de2042a6a105d5eec8cde6e48b5d9c7abf3980 0 0 0 0
1675083724afb4286332521f64e5be051b9e0d9e0312aaef316ec9fc99d910b8 0 0 0 0
0287db9bc1b9ec7d4cbf4e9d7f6f21439e32a20e86fb8950bd4e8e4a10aff5da 0 0 0 0
cc1969307d55217b4d49124aa3b32b52ffda794e71026d0a9c1deea87cd278ef 0 0 0 0
5c6238bda5346f9926aa5a56ddce184fc0d23c18022a7cd7b9e8be9f209a5ee6 0 0 0 0
faea4df2f48617ce6ebdb2139e38436fcfdc6113d79aca5491b3b10212c19783 0 0 0 0
efc8cd441915b1e3bc645a73361473f294b74496353499496cc4af15c2b29604 0 0 0 0
a11da32b21d18ce73f65c4712768404d7ee6b3d3ff9d21491aef1ee2c05f359d 0 0 0 0
15044bc1b31e272560825ebaf8460fac9f7e84bf8f055f644c3e67cd82477ac3 0 0 0 0
398ae1a69a3c05dd1a0dd8558ab61ed656e7c9b11af82abc9dcfcb69803ecd8e 0 0 0 0
b2ec064725d4eea2f9caca44a4a6221f6ba74ab11030e93b4ff7e94928d23c1c 0 0 0 0
235a7e62de6f1cc44dfa64a30ef47faca216ad48a1cb392a25fc8fa834bc1d8d 0 0 0 0
492fab33e707eb1b86755d677625f42efba2824b51bcb5e4f2016c920121fd6a 0 0 0 0
807c886a3fca6da3ac46b25ea4ee6b2bffd3980b80f1003866190c9d4699fb09 0 0 0 0
3759ee828445e656adea91cb9daae4fe03490982a838db59c0412c5396bddf51 0 0 0 0
51c2b8ebfb368864f85aeaf6f35fe1e404afe149854801bd32d9d6ed0c582031 0 0 0 0
856f39cd94fad88cbe1190e526da03bafcf17f44a592ad8e5502a28234c753c6 0 0 0 0
53d4397e14ea64e2d798fda963857e04dce66b0520a4ca076ed6ae1d963a9824 0 0 0 0
606488cd1a6dc0c5487187b140415d0b79af07239d3fbe85f8b40bfa4288a063 0 0 0 0
97951e75365dcd498960068cd49d1ad87b122b4c76079bf6f2ea1238def0283a 0 0 0 0
a28b59fd55d0810b60764a922404341219f2c9e374f30b19a607dc78cada0316 0 0 0 0
852967f949ceeead8932158365985d44b155f24d50eac5e9fffd5e8b731af36e 0 0 0 0
f2fea5e18b6c083778bd63eb9577011e989fcebee3803b22e0ca7b0e97d9e2a3 0 0 0 0
f3640498598b7c8f5138810798a88d1302a623e4646272b5ae12746dddf6806f 0 0 0 0
026ece7b3320b6078e22d09405b8ef006902fc336935e3ea334664af4c48b2e1 0 0 0 0
cae10b93a40639aacb7eebf0d1e5b8a6abb50d50068175dd24bd031702f4349e 0 0 0 0
5c028a17d0be88ab24965a45d3088426eca4aedf909d32eabae71c0e62ba6e6e 0 0 0 0
7c56ab2f7f389cabbf38e57ee6987de905cd4efcb87ed745a0f99124386a990e 0 0 0 0
6a3cdbd54b2ece3556f8ce92b0d0dc76ebb48b1061da061c5be4830dbacbcec9 0 0 0 0
854b17599bf2e5bd56fa85a63e9b02770d2d853e0962361c36dc402f5691f4f6 0 0 0 0
059d45a904a938cd97f49a573be5a27028f0eafd9a6ac7744e7b83e460de48e7 0 0 0 0
8874303091cf2dd9493bf07e9be0d1321dd5bacb1e9152f02d107bdbdd58e83b 0 0 0 0
bd30e34a940e3f242fb77022a83ff3efa2b9fb9c0fdd93ba1b19587fc2eb922c 0 0 0 0
d0e8d4f1e5751040192e8ed0a464ae2e6d056af6e397e6e93be33204b0b9635b 0 0 0 0
9995b1f90b9b922d6d67a2b84de3e3aec284883ff034333cc99a8e155eb5620a 0 0 0 0
a7ce17585083b3ac5c78b0f98e27ceb1da75b8dc2bb1a09479ed665beafd6b5e 0 0 0 0
1eca04f82e70f282a19e059fda6fb470eb24dd39521b3c9398a2151a477f703d 0 0 0 0
aa3749a11fb23c99e2328dbc17346d106dc9da0e226f248e208925d42b7580f0 0 0 0 0
0d7be4384072fc027249e09665cb37d4b2e6312209257a564f165a974585e776 0 0 0 0
d299865afa6dee4a979e27324f3b4e6045ea4e8e49fd94c3c9da58fe3c9ebc27 0 0 0 0
05d1d3c980c4ce2c6aaf2aa5adb28e0241e3d56e3ca0e7e858f8ae071a8ad95a 0 0 0 0
50a6d28c464c072c43c19a48d0f993ff4bbab20d20ae516812bee9aef9b84eeb 0 0 0 0
f322356cd99a10d9cc53f144f799c90d0b32eff8b553364074beb4afe5d65bd5 0 0 0 0
b7d474d41effafd9464a63be0ea59acc7ddd60514412b7fd7cd3f3babcb3540c 0 0 0 0
f5e11e107d088f498d6dc3ee4673ea73a5f728662b4431ad88e8fe3c6d37ff60 0 0 0 0
46577e2e1d8b1558493f602255c01bf24718a0c8503f3bd91f40f554c7592641 0 0 0 0
e1a27128201ba618e8e2cd19fdb1afc84fec3d089299f015ed0120b8b88febae 0 0 0 0
8ce767f781b85ccbd962be50ed29fdd2ccd540cc79f17e0d97ff60ad58f7ce04 0 0 0 0
463b2454b0e28b27aea11c94f2dd6c3efa069d297ed8d5dd778db04fb6107c22 0 0 0 0
8a0b2ff41a943676a6aeeaafdd69842b9f24109aadf93a1cb698b5412b88d4d8 0 0 0 0
b39ab108c36a8259e5e897a1ea8dd5ae8367a9c7157d65c8f49b2287e08cd591 0 0 0 0
568bb29c090a3e9311b8c80d52868b2253e1cd7c4e7698e36d97bd6fdb46b590 0 0 0 0
d36e7e4266fbea70879f6087939463eecb3c47b5d640f43b7107cbf772bd6a6f 0 0 0 0
b155bc11b6774eddb37481394bcca060281b6466ba8689c163575ad5fb0cc949 0 0 0 0
6e99ff6b7712081f0af948781674bde926940b77bd64c2a9592a3468e66ef38e 0 0 0 0
bcd008b9ab52e01222af192d3aa8f04454394296ce9473baa0fbbf099103cf9f 0 0 0 0
7b7b118a1543c8deeb1ce94d1833b7684d0554c777cef2e60730be0022c4eaec 0 0 0 0
85bd7a2307a7d1679675f0eecfe33842df67774a4d5dce36fda4e9c1afc08925 0 0 0 0
fa9240d53a8fbee49f2863581c6eaa6584b21684535fb739835648e04072347f 0 0 0 0
5eb8db0ff87bb87e65fb2c232b5c58c21cdaba4831c650bcd8c42726206dea03 0 0 0 0
d20a097832c920d5430f6ded6d4f434772cc42f799a46bfbed1c599edfca9ced 0 0 0 0
8af6315c02ebe5ce29fb579ee8e035393739362f640674dbfa208211da854168 0 0 0 0
5880081309f44b75553b6c007846be10727f3b6a6febd5123f8de2eaa96d012c 0 0 0 0
4fff2020b96413c8bfbc19e2a91b4304c96a3127dd3f8a3fd6c108f8197d7f38 0 0 0 0
5dcabc0a8a8f9199d980e3ce72fb69eb27c877c6bfc975766861b6d1f249f022 0 0 0 0
2435bd1e11d2bfd97a72c0d29a5f2c1aa3e7c585d3300e97c9e871dfa6599067 0 0 0 0
4abc89ef87cee8c93001289abf00344213401b9af35940df0b1ca9a8b8fc70e1 0 0 0 0
9b4a00836d5a712a8650c4dba6e516ad0db8cc18279588176bee68095ec80b81 0 0 0 0
075531f76d6fd0c83fe232c31e3217d3ea4c73af7c7c0cda61da5f8e61c5e08f 0 0 0 0
d7bf86c21aef45ae5f4283585da9643d1ad9e1a2a06f258f4d638fa638535eb7 0 0 0 0
99056c931842ead9a38e25eb6e064ff22cb29f928ae074209cc3f39cdf01d0e5 0 0 0 0
d8859e697c0896fdac318341520184fdc2d22483d0026f280e904ff042ce112c 0 0 0 0
d8539fa6a0f28004bdd507a861cb3ee0811079c925f25ac07cdf32d8d84d0090 0 0 0 0
eb847a2324e711e442bf057578f34a5cebb0bdc71d981d912f89ef5507a7692c 0 0 0 0
27150309f8159755dca1982eb0de83115b3c92c67f1f14c72f88cca66624d233 0 0 0 0
9e0ce5f52b337711c4a7f222080ba8c2728fafbdb167e170f90a568491cef8c9 0 0 0 0
bc9636b9f7d43706de54a39d0a1d49e201989cd6b145ffb4713ce6f6b7626929 0 0 0 0
ee64cb7306fbb745511af9bd40b0c38119df1b7830330f1a43755a4574c5cdc6 0 0 0 0
a308235a9a7b6267aeef51aa18be1307bf0ccea58518f8b92c0c37eac4f8736c 0 0 0 0
b1dcd36d0e063d17a79347413716050dff895765476251a6b722ce0c834f6b3b 0 0 0 0
51debe0efbe86b9d26d2a6b783a2566cd9a3d50f69854203bf72b83fdb5f18ee 0 0 0 0
737cb5552bbeb439dae989d28c08bca169f7934799600c0ea798f2236fc48995 0 0 0 0
d685633d97b84ee44a4bb16011b575c96087d761ea3ad0050e7b1bd742fd147f 0 0 0 0
e422952279a02374a4d995daeaf7c9418a117b8965b6016d6e84537dadb9f495 0 0 0 0
f2a3e489f2c8649e2dba727599bbae7b87c162bdea39c8558465e558d95212a0 0 0 0 0
5316d256bd33e9c1d17ee626e0f80544c0da2a8b530e4157cd64fe2b60557c6f 0 0 0 0
ec0176b11730a6fda4dbfbc3735aa6b64ae96a00b7b69ccedc5465ec8511f75c 0 0 0 0
64e4f6fe2edb9c5f26ce8f376ae7332b7f02eed800de252c4b55d5c2a9fb18c7 0 0 0 0
923e643be314c50ed18f9915393c97a52c63aad775ac86afb9c2edf5d286e09f 0 0 0 0
83dae95ed79fb08f45836b11a4f59c3e40c0a26778ea23961bd0ae3a88a9169d 0 0 0 0
a080bd86bb6ae8b094792fd876315f840ab4adb2b2d09ebe9c240969fcf908f2 0 0 0 0
b173444795b60b7a45d44a74a14291f452e9f96cff30939b5d359baabe81c0a1 0 0 0 0
30f6bba85983efd5d554dbaa2c10fe66fa0b885c44759f37810f0f6034892705 0 0 0 0
a5f1ae43c788f98c80f85b239e764e50c72346062c948a950a58bbdd335d98e1 0 0 0 0
ed0d7005493ce0fb9f20b50cc5caf1aa3b1585bb18d92e6341ff40e953cf46ee 0 0 0 0
826fd325b40b529a18501420f93db0e681a9453396326f62c08debedf24897a3 0 0 0 0
09c1d14ce5a335f520ddd43c2631f29d8f5b58366101c97bcb18cabaf0c75104 0 0 0 0
de84ccef75babb7c5f6c85134ec94ed600549274a7d3d248d0a90ea1a4027b19 0 0 0 0
e1e18f6f69b4bc8d9f38444da3a3a77ee75b5d2382ab4d163e95067e4fef76d5 0 0 0 0
1203f982461f18f652a2615bba3bb1fccfc2c96c656a05b14502fd4d70834304 0 0 0 0
1dcfc16f0d83d7c61263feadd6ceb240e7f72bfb19a0ea3c37e0c7109994b9a2 0 0 0 0
a107a65b66bb6f360f97b8743656a12348ec1b8652a251a167858019d755e570 0 0 0 0
8e51f9347c55488baeb92a5bc45b17e8c166e01cd7c6aa9119c0c52d63947273 0 0 0 0
7787f147701d4ced2221bee3fd96a66cf2c1286b4dee1154343bf88933b406d2 0 0 0 0
3ecec5ba4ccaee97f98305c700d354c143d295a3188f2625455ecfdbbbcc1235 0 0 0 0
1980a3e1d5ccb99ca8838905d6a41a75229d2d82566f5930e4e349125d28637f 0 0 0 0
0ae07a65bb281ac0552f77388427e1a903afa4c785944f6c199a6fdcfb333164 0 0 0 0
b7feb3d264c0f1f17bd2882162364bc51532cf0b1e16114f2e390b54bf5ec9b4 0 0 0 0
e967f75a4cbb23d7bc222b90ab7411152dd194ed2817da3047312a30044fd2a5 0 0 0 0
cceb9e8e7f2038e4fe281a600bf51f918d2359dbce6b896dad29a923ff0b0d46 0 0 0 0
d7feec11d3203f597d06df93cb98876899d198f23276a31290a369d202ac0352 0 0 0 0
92af7142188d8603f95c4e2b26220ab6bfe919d338109868acace6a3e6eba238 0 0 0 0
212acfb41e56ea3b302e5651b598b2402964bd7a63f757a11c419429d8454e48 0 0 0 0
2e6bb77844f15be2cfe15360affc582be1faf6383edcba2ec291e05105b54844 0 0 0 0
3ac42c1d10148696faeaae3a83f2cbd6a0ab281d0c0885584c796502c0921176 0 0 0 0
6c2f3c7511986ab4d911d15af8ce3120ee7df557fd9de43981759c1bd7b199c2 0 0 0 0
5b1369c68b50f2486c59d5f3cd431a12dd023dafb2f21ce7c7f1fae8ab7f838f 0 0 0 0
2150a72ad4d7cc93de42b7e6a2e78c127e5d8bd12a6782fe12089396c23930d7 0 0 0 0
850d494de9f82b14f59b99c038168b2660af28c145553cbbd49eb43a8d668f12 0 0 0 0
8f0a0cc423e201e7c1c7da0f3342fe2b62ba49e277367c5143e2c50d2f65bcca 0 0 0 0
dd883e586d3c7b465dd1725c869f71a4974d54542140d90854458a071092c93a 0 0 0 0
7a75442156f18848b5b82c4f8dc9ecb2379dd0a5ab7fc2f21abec928392e006d 0 0 0 0
ff0f445c5fa2a224d9ddb7239cca5a0deb47c56a5615f1670cc0e8ad6cab1931 0 0 0 0
cc031174604fb8f3e24071ea55692e218243dad349c611b61a0f9e4c681b2438 0 0 0 0
59b7b35099a8ee51b91ef96b206b665abec73c9c9823287dd55cecdfe08708ee 0 0 0 0
566a9253eabd088ab224fdaf909fbf0ca9f8b50c4efcb5f4d7e196bbf33eaf43 0 0 0 0
55a1f449f978ea456e0175d81f39d1affd34da8d1426a816b1c37681fccc1c89 0 0 0 0
14757bf11aa3f01b511bacc56131466b9881d6cb22e1c33cb99d01beb3d3c267 0 0 0 0
da0722330e63dcd775fcf5829adf612268b4d764019755f99ded3a61f7bed315 0 0 0 0
4721a181131e0512dc60dcf6b2ded1887bbdffa318aad1b005aff9bb16736fb3 0 0 0 0
65c68f20a8610966b8c0745d0d3c00786da557de8886d5ad67d6fb1bcbaede89 0 0 0 0
3260c5ab5db8e152703dbae1116b24fa45411dff33d8152aec12b0f5e5c8139a 0 0 0 0
c96f45475f6a6045b98b100ab48219456396bd62447d2b36bdacb59b96848b50 0 0 0 0
dceadb9fa67c1b225be6c1772b8eb19f8a2f2af2faf0fea44bf35cfdde09c0a1 0 0 0 0
63fcb136ddd224a7b837e5d35469e2e194d0162a1c1f3ceb1af8de977431796e 0 0 0 0
9b9febdd76b7e001df9f6057cef3702b9d40c1a556746da128202fcad4ccecb8 0 0 0 0
cea4b9df854bc92b6de8c92d26d978a39a9117144b8f8cf1ec5ba7e43bb3dc30 0 0 0 0
342265ada4f4f9f445846f4c253397b2a871ad233e2a3e4c251aa3a4dc43c803 0 0 0 0
9d7e2d7b272f7f0426affe2534b81a79ee2900e5bf8184c05367d1dfd45bc689 0 0 0 0
57920507f64608ce3893a64710b8ae19a5784f90794599d6c6b0d5068bd11224 0 0 0 0
ca800b8074460e280f10cf8179feaf8f736b7b7b135664b99cc88e86d7bb5043 0 0 0 0
8ac2e654a838680cae7271dd61e4261695beaa2b5d7154a865cb7994b5d9c308 0 0 0 0
a911fc2d1bfee49e2a48e37aeda0c73cc95f2b924ee1b4ab38bdaf90972d0e13 0 0 0 0
5e4563fe693ee5cc25c8875fec80ae477a03f3258262c025b6264cc3a06725c6 0 0 0 0
ce5bf01fcb7424141b87fafa68a4db804493b2db89672723ec8e4cf683a6eeb3 0 0 0 0
f7ac1a7ce506c0d1ad680b50e4f2f276af6000d4b5f63700d15241262bcb94b8 0 0 0 0
70e28849ee1cbe6560da4b3667137d4f62163cb79c890d8bd25fa2334d377b7f 0 0 0 0
dcb19d987347c39d32e6a5573c78a440f13d5f413d575f223fd05fe1ac6ee34a 0 0 0 0
2f8824da13139593550f5a37ce5c11a673b2b38f59ccde3fee090fb34cb3920b 0 0 0 0
79d1158ff7a8ef01eb487e0cb4ac557276fe49c31eaeca7e1927f2ffeab0aabc 0 0 0 0
eb5125dfda7ebc6001e9eefea05776ba55a2555d911dbeea2e52406b22302b82 0 0 0 0
0fa9b245cfc0c681688124cf3960eb93590e055fa518dfd06b69cf87fd7c083a 0 0 0 0
53da546440a4d78f28c364b94ef3898dd781d31790e99b57ec5cc0f8956aece5 0 0 0 0
20e2163f35f53acd035cb46aac9aeb377f26755013b00332910168fae8a4b066 0 0 0 0
0ed11ce08f24e7bda90fa19866b27979e8b540ea2ee580ed19ee022c5cdf27e1 0 0 0 0
a55b81066c7c66e30f49df0f5047f1a8b72a361be61e1f2eadf681fbea848fd4 0 0 0 0
fe93c21cee6a4c7fcb1f83531b32cf25aaee20975b8a55ba9d5e4cdb7cb07159 0 0 0 0
22f6f4f53bf81289659bf481fa33d2db6a82b51632cb97d304ae5f53a8466a90 0 0 0 0
2d93040fd49e64f48a52ac8181974dde35ab66605b7ba25844e522d7a2c90ba6 0 0 0 0
0fe1240232f25038e197b5758b5689df58d675ee21021060627ff626043e33fd 0 0 0 0
b09e4c2afe4744dc80c57fe6ed2738bc812b072a70777063903a60624f79ad75 0 0 0 0
1768c0a0e349fd470c9343e14a18ecad93a4d4669faba5aa500b800b13d671fc 0 0 0 0
617d299f5677f70adf7f6f41bd608a7c2fcfcc5247f2b258782750fccd8f8169 0 0 0 0
7a4a05ff5d2dada9e0a3399239f6ea729322e24dde07dfca308d3dfc88fe7f8a 0 0 0 0
1bb81d411bdf53be7b1181263936e219c8364449c971305f71133cea84720711 0 0 0 0
1dcb2d9e79230e0e565c20d25974e4f22d82578c5ad231d166b720c87c1b7c6a 0 0 0 0
2e03065c2a38635679f44b29142ab564e9abb5a09dcd3f3c5a7c2618fce2ef19 0 0 0 0
bfbd42faa64fa10ce9fb3cb6085de28469245795c7439f3bfee480662bec3290 0 0 0 0
3735ed81c11d0986ead8f947cccf811cbc0c009a453befb4c68bb90b079f307d 0 0 0 0
3ae97fe8089951f71fe77d70041656b58325cd0763448fbf5ce74700e360e5ab 0 0 0 0
0c56abfed0e1705a3aac49c7af3edbec052c85788ba8dd6d76d4c6b7c569e76e 0 0 0 0
5e581d6d2819be16bd836b2e9112314b1ab665df00aeb947817abc2ea7ac12a9 0 0 0 0
9a254739af3cdb8c896923c00a29f9c94e7d914793096482c836408183d97c63 0 0 0 0
3eb14084a984b20e43c866cdab199d25c899a3c5b67a2cd56e9c610e723db175 0 0 0 0
a50d1eb44984eb24f551a286b0aba8b7318facfef7ca56c0344235f020d2cd0d 0 0 0 0
9e2b15dcbc8f59afd7cb8862e241953147d8f7b25724b392efcbd482ecc3cfd7 0 0 0 0
60e1fb913e8c523bbb6b5fbdd8643582c4a7038fd6141bbf0e1a84566145d9c4 0 0 0 0
d1991075930d4999ee8c72fcb018d2f40f559e9c87577ea5f9684845dc48595d 0 0 0 0
3c8f884fccd178eb6aae654cdaf5aa7e4cfa4d24b2280fb1dd78d77dbd9a4f57 0 0 0 0
dcd60482c38eb092e3230972a3f19b2825573cb068165472f5ee9643ee981ae3 0 0 0 0
e1e080146fd50d245700d2cdbb48b0fb0633b478a136420171768b02da8ba6d8 0 0 0 0
3c5ada3689371206105b94454f5d0f77637216a4a3f7a01a5c574d36a7181d9a 0 0 0 0
8b9143e4513df5ae23179d765634f0c7ac2ee509dbc0a94848584a54dfcbbbe0 0 0 0 0
0f78acbaf16cf021c2c1065bf39daa00d46ab87c90b4b311ef66cda1e544aaa7 0 0 0 0
a1b07d8bec00a8c90ed3e54ba2f42fb932129b10b0e943286d4824ea79031fb4 0 0 0 0
3716d5da74074e3b5da20cb49aa9a510f27d2624830ff6b397b0c0b1ef2e7986 0 0 0 0
36dfae836b75fe2aca84cc69f3c0dff4ccd24b821b8f5c17e339f1349b6d7782 0 0 0 0
5a83e68c45058ba0445b5a203e7cf57970637d3f63b3aca96be1ca307d059018 0 0 0 0
5134e8081f78d20feb3ef984b058ab2ea31061449d74969e50afff55aca4fd70 0 0 0 0
a9a01382ee784d11b8bc4fea6a937887976d6f8b16f63e75dcd95ef8742a8e40 0 0 0 0
8c329131a58696ae28acc8bab8737d4e9b644b720f6de0ea62ead8622a63407f 0 0 0 0
e0bd1c088a0b3c6cec3e8db047108057c219f8b648cac9792973ed23e06ebb05 0 0 0 0
12a22b2c949cb627f403bfd5d8e685d3f12b80ecacf320f97ec2cdd0e3e5370a 0 0 0 0
d48db9a56e04be0350779c3f111b9a6cc2396f9abd85ef6837765388c250af9c 0 0 0 0
8e74a24078c5830350a89c7999f85a3d528d39b3b92fc273d68b5faf8e24303a 0 0 0 0
69f47340ae25ba777c079f5442cb2b0305ef2a8ba50e5c0299d9a59548af1687 0 0 0 0
f3c3f512d1e94e80ea4cab8d9cc881eb7aecc68e4de30479c9cb2feac51ded7a 0 0 0 0
9387c7af8caedb4da75488481d0420906ed1546243ca5191c84d8074562fd6e1 0 0 0 0
62bbfbe6f19fb062cdaf44dadc7e514d901eda6e6b5391d3c46fd08188e3a4b6 0 0 0 0
40b1faa76126064e59f8480a95d4a399f4d93daf7d9bd98c04a1519af6daf8c7 0 0 0 0
b20ea0c70a7853757c32c234ab6bed7438bb95c24e524a4644e912c9675d60ec 0 0 0 0
c9e6a5c7d1fe8449159cfc81682ca2767081a840307b0611012119a68be7f53f 0 0 0 0
a19679ec72c4b5f632249accf975d5a57a5109f13c4abe01a526ed0a46cd38a1 0 0 0 0
fa48e452e508e6a85e6b4157b654d2f21a6fe281f689990ef7060db9af7c5b47 0 0 0 0
6991394d5a7cc452983bb524e73588c1dd5b649281e86b6eef57e74915079340 0 0 0 0
bf98b83e735cd7a26dbe17255a7acfd1995cf68d7ce96a0d8bacbdc741b34671 0 0 0 0
32ee36416f43842c50ad0dc0d103bcab671fe5fd849fbe879efaf26c5f7a805e 0 0 0 0
77b3c637804fad8af69d4b6a480f4fae7b170100e8870f3e584130df7248e86c 0 0 0 0
06fdcf880391da7035b214c068d237f6d4fb1e3b5d000dcdac65ab1464b69715 0 0 0 0
9f157d4a302f3d2408cbdb4b1280e266a35b656a84eb834d82a2b9c8dc4bfef1 0 0 0 0
0559e2f1eb56113d647906c1b67eaf555c275ec601f6e3219d29ffe686b98cdb 0 0 0 0
b21c4c58eeb6c4dd758fb4f3f95cf4a1ac797f2b6cd83afb73358d9424a35eb9 0 0 0 0
cc24eccfca3e174fddb0eef395564bc8f0da6feed0cb8b13d307c543219079e6 0 0 0 0
0f9df8a4eda3feb6bff623d18300f350d486a321b17c7cef98346b08f844ecc1 0 0 0 0
d27cb11c6a8f99cca1b89476688b839017592ad8aeef4e98e8ba02635e9c5716 0 0 0 0
878dba498c161da9658efad3a2d9ae1353eec2aa887289b9df5c58da232d6ed6 0 0 0 0
a34c42dfff9eb72e62c18400078d7112cecc58ad2eb48e8f0412bed387ebb988 0 0 0 0
2bdba3eaa78978670d98c14688baa97b2ccbfd92daad05ed97b38aceb0f511d0 0 0 0 0
0713ebdb50d7c4095757f7dd4e42275846814ebfa8b558ddebf0ddfff52bc2fe 0 0 0 0
e669401f682e66397e2df93e0bcf86722aa9f08b1dbbc1fded312655d42ca955 0 0 0 0
fa887ba62751254e8b2729adf944e5c980216829f154bc4f31219e5ad6873214 0 0 0 0
bf27932fcb828dd214babb97e298d8234c9f24d10199e9d2d7e6952f96426658 0 0 0 0
1cb7578c2f08029d68420e61108dde05f02f48cd7f688820a9cc5043340ab663 0 0 0 0
94b00e87a7d7fae810b87b3c7823cbdc55ad6dd40cfeda567ab5aa7bcb74ee03 0 0 0 0
444238f3fa4c2ccb75f0294bc8a7dc0bebd5b7d526582f974e6b2f0248b0cef4 0 0 0 0
5c15990a500a55027b3660f4ed0d214d05a4b379a0f2fcd5c971d7e8ee9c0c88 0 0 0 0
635c9417a32ee77b335685d2e8a4ddeaf173d6e9de40b92eae990cbf78c4754a 0 0 0 0
42c420c07d13702b0b967bddb7de8459d813f395606c94b7e74c439e54fc2928 0 0 0 0
d56df36be48cd8b5b381f0e38ab4d1e148b4b818396c870e77ca530f2a303be4 0 0 0 0
620328a8c4c58e99dbdab68ff329f50ff371da2cf79c88c205a4f93482041d66 0 0 0 0
119c1a5c609f701058e6accb0eaec0239f1b5c288f4e7570277f4b1a8830c3a1 0 0 0 0
8bc0f7c2107ae3bb4147c36deabd885da26a4654bc2e3628f4712cbe0543b784 0 0 0 0
99e85097db078ddd0bf5642c28f21f0c476dae21eefd719f5e9e414e39ca0eab 0 0 0 0
b3168833757db33c47324e367ca563bff57757a55a4dd34eecdd28eebb5c1eb4 0 0 0 0
4fd87f3ca5106465e73e5ffc6f856185707ca6f68ae5079fd1efc08e236c7643 0 0 0 0
3f2488288c4c126e1bf5bacdf0986000494e8eb0546ec64728992b9043b0cca2 0 0 0 0
ab62641a977ae0a50c449e1e5ef92e3e28af998dc6761caaacaf6c942e8a0e9f 0 0 0 0
876fd3ab8d7fe99147c95f8d74adfccef84ad7a15767c36dec7a18ae5d6639b9 0 0 0 0
426f4c04a85411baa6b8cc93a596fa89bf66a46add200c39c47240423e61db04 0 0 0 0
4c786cee09447163154ea8d83c01fe4594df9724b23356085612fb017b02fac4 0 0 0 0
1e24320f5594b4c8a43117bedcd388590e4c966410575c6cce715af7b189b9e8 0 0 0 0
906554e319389e953f3d73df6c0ac5dc18dcef2bf1a7726c293c7d55b06adade 0 0 0 0
f0ec844ecc6644e647d6cde0e7bd1d34fd863a56c18076b8d5c72ba2628d21d3 0 0 0 0
ac348e2cbaa4bec2758c3bd1b20e214a3ce6073f864ea4df8a5ba519f0ecbb18 0 0 0 0
b3adeac263550976e5f00540b8432a4df378c9991f68add89d6b6bac6f836370 0 0 0 0
09523695e4fddce99edde0eb4eade2dfc5fdc2f41726cb783cc2beb41ac476c0 0 0 0 0
b1341956a68491cb1ec4e1d0a43ae0647d217f69b7f184056c80a54bddd29343 0 0 0 0
1311db4d095ed1d2f516ba53ba84fcfd93dd4cea9585d0922f4219be825aea99 0 0 0 0
c5d39aac53d55e91f3b1cbe751462acf9236c5d13ffee179adb1ea41edeb6e95 0 0 0 0
94f9e9b07ab88de8ac1175e163b79eb719b81f8f2d4976e9e120a3f5fbd18882 0 0 0 0
fcf38b9e72bd6b8ebe63b7f91ed20f20c4e0c9427305295d4d8e0fc338c2fe94 0 0 0 0
d1ec6ebf8479ef9c1414e26db43f0015ad2f7d45df269f78009d04f5eb827ea5 0 0 0 0
